     0.0000     0.0000     1.0056 
     0.0000    25.0000     1.0114 
     0.0000    50.0000     1.0220 
     0.0000    75.0000     1.0398 
     0.0000   100.0000     1.0677 
     0.0000   125.0000     1.1081 
     0.0000   150.0000     1.1623 
     0.0000   175.0000     1.2289 
     0.0000   200.0000     1.3033 
     0.0000   225.0000     1.3774 
     0.0000   250.0000     1.4412 
     0.0000   275.0000     1.4846 
     0.0000   300.0000     1.5000 
     0.0000   325.0000     1.4846 
     0.0000   350.0000     1.4412 
     0.0000   375.0000     1.3774 
     0.0000   400.0000     1.3033 
     0.0000   425.0000     1.2289 
     0.0000   450.0000     1.1623 
     0.0000   475.0000     1.1081 
     0.0000   500.0000     1.0677 

    50.0000     0.0000     1.0056 
    50.0000    25.0000     1.0114 
    50.0000    50.0000     1.0220 
    50.0000    75.0000     1.0398 
    50.0000   100.0000     1.0677 
    50.0000   125.0000     1.1081 
    50.0000   150.0000     1.1623 
    50.0000   175.0000     1.2289 
    50.0000   200.0000     1.3033 
    50.0000   225.0000     1.3774 
    50.0000   250.0000     1.4412 
    50.0000   275.0000     1.4846 
    50.0000   300.0000     1.5000 
    50.0000   325.0000     1.4846 
    50.0000   350.0000     1.4412 
    50.0000   375.0000     1.3774 
    50.0000   400.0000     1.3033 
    50.0000   425.0000     1.2289 
    50.0000   450.0000     1.1623 
    50.0000   475.0000     1.1081 
    50.0000   500.0000     1.0677 

   100.0000     0.0000     1.0056 
   100.0000    25.0000     1.0114 
   100.0000    50.0000     1.0220 
   100.0000    75.0000     1.0398 
   100.0000   100.0000     1.0677 
   100.0000   125.0000     1.1081 
   100.0000   150.0000     1.1623 
   100.0000   175.0000     1.2289 
   100.0000   200.0000     1.3033 
   100.0000   225.0000     1.3774 
   100.0000   250.0000     1.4412 
   100.0000   275.0000     1.4846 
   100.0000   300.0000     1.5000 
   100.0000   325.0000     1.4846 
   100.0000   350.0000     1.4412 
   100.0000   375.0000     1.3774 
   100.0000   400.0000     1.3033 
   100.0000   425.0000     1.2289 
   100.0000   450.0000     1.1623 
   100.0000   475.0000     1.1081 
   100.0000   500.0000     1.0677 

   150.0000     0.0000     1.0056 
   150.0000    25.0000     1.0114 
   150.0000    50.0000     1.0220 
   150.0000    75.0000     1.0398 
   150.0000   100.0000     1.0677 
   150.0000   125.0000     1.1081 
   150.0000   150.0000     1.1623 
   150.0000   175.0000     1.2289 
   150.0000   200.0000     1.3033 
   150.0000   225.0000     1.3774 
   150.0000   250.0000     1.4412 
   150.0000   275.0000     1.4846 
   150.0000   300.0000     1.5000 
   150.0000   325.0000     1.4846 
   150.0000   350.0000     1.4412 
   150.0000   375.0000     1.3774 
   150.0000   400.0000     1.3033 
   150.0000   425.0000     1.2289 
   150.0000   450.0000     1.1623 
   150.0000   475.0000     1.1081 
   150.0000   500.0000     1.0677 

   200.0000     0.0000     1.0056 
   200.0000    25.0000     1.0114 
   200.0000    50.0000     1.0220 
   200.0000    75.0000     1.0398 
   200.0000   100.0000     1.0677 
   200.0000   125.0000     1.1081 
   200.0000   150.0000     1.1623 
   200.0000   175.0000     1.2289 
   200.0000   200.0000     1.3033 
   200.0000   225.0000     1.3774 
   200.0000   250.0000     1.4412 
   200.0000   275.0000     1.4846 
   200.0000   300.0000     1.5000 
   200.0000   325.0000     1.4846 
   200.0000   350.0000     1.4412 
   200.0000   375.0000     1.3774 
   200.0000   400.0000     1.3033 
   200.0000   425.0000     1.2289 
   200.0000   450.0000     1.1623 
   200.0000   475.0000     1.1081 
   200.0000   500.0000     1.0677 

   250.0000     0.0000     1.0056 
   250.0000    25.0000     1.0114 
   250.0000    50.0000     1.0220 
   250.0000    75.0000     1.0398 
   250.0000   100.0000     1.0677 
   250.0000   125.0000     1.1081 
   250.0000   150.0000     1.1623 
   250.0000   175.0000     1.2289 
   250.0000   200.0000     1.3033 
   250.0000   225.0000     1.3774 
   250.0000   250.0000     1.4412 
   250.0000   275.0000     1.4846 
   250.0000   300.0000     1.5000 
   250.0000   325.0000     1.4846 
   250.0000   350.0000     1.4412 
   250.0000   375.0000     1.3774 
   250.0000   400.0000     1.3033 
   250.0000   425.0000     1.2289 
   250.0000   450.0000     1.1623 
   250.0000   475.0000     1.1081 
   250.0000   500.0000     1.0677 

   300.0000     0.0000     1.0056 
   300.0000    25.0000     1.0114 
   300.0000    50.0000     1.0220 
   300.0000    75.0000     1.0398 
   300.0000   100.0000     1.0677 
   300.0000   125.0000     1.1081 
   300.0000   150.0000     1.1623 
   300.0000   175.0000     1.2289 
   300.0000   200.0000     1.3033 
   300.0000   225.0000     1.3774 
   300.0000   250.0000     1.4412 
   300.0000   275.0000     1.4846 
   300.0000   300.0000     1.5000 
   300.0000   325.0000     1.4846 
   300.0000   350.0000     1.4412 
   300.0000   375.0000     1.3774 
   300.0000   400.0000     1.3033 
   300.0000   425.0000     1.2289 
   300.0000   450.0000     1.1623 
   300.0000   475.0000     1.1081 
   300.0000   500.0000     1.0677 

   350.0000     0.0000     1.0056 
   350.0000    25.0000     1.0114 
   350.0000    50.0000     1.0220 
   350.0000    75.0000     1.0398 
   350.0000   100.0000     1.0677 
   350.0000   125.0000     1.1081 
   350.0000   150.0000     1.1623 
   350.0000   175.0000     1.2289 
   350.0000   200.0000     1.3033 
   350.0000   225.0000     1.3774 
   350.0000   250.0000     1.4412 
   350.0000   275.0000     1.4846 
   350.0000   300.0000     1.5000 
   350.0000   325.0000     1.4846 
   350.0000   350.0000     1.4412 
   350.0000   375.0000     1.3774 
   350.0000   400.0000     1.3033 
   350.0000   425.0000     1.2289 
   350.0000   450.0000     1.1623 
   350.0000   475.0000     1.1081 
   350.0000   500.0000     1.0677 

   400.0000     0.0000     1.0056 
   400.0000    25.0000     1.0114 
   400.0000    50.0000     1.0220 
   400.0000    75.0000     1.0398 
   400.0000   100.0000     1.0677 
   400.0000   125.0000     1.1081 
   400.0000   150.0000     1.1623 
   400.0000   175.0000     1.2289 
   400.0000   200.0000     1.3033 
   400.0000   225.0000     1.3774 
   400.0000   250.0000     1.4412 
   400.0000   275.0000     1.4846 
   400.0000   300.0000     1.5000 
   400.0000   325.0000     1.4846 
   400.0000   350.0000     1.4412 
   400.0000   375.0000     1.3774 
   400.0000   400.0000     1.3033 
   400.0000   425.0000     1.2289 
   400.0000   450.0000     1.1623 
   400.0000   475.0000     1.1081 
   400.0000   500.0000     1.0677 

   450.0000     0.0000     1.0056 
   450.0000    25.0000     1.0114 
   450.0000    50.0000     1.0220 
   450.0000    75.0000     1.0398 
   450.0000   100.0000     1.0677 
   450.0000   125.0000     1.1081 
   450.0000   150.0000     1.1623 
   450.0000   175.0000     1.2289 
   450.0000   200.0000     1.3033 
   450.0000   225.0000     1.3774 
   450.0000   250.0000     1.4412 
   450.0000   275.0000     1.4846 
   450.0000   300.0000     1.5000 
   450.0000   325.0000     1.4846 
   450.0000   350.0000     1.4412 
   450.0000   375.0000     1.3774 
   450.0000   400.0000     1.3033 
   450.0000   425.0000     1.2289 
   450.0000   450.0000     1.1623 
   450.0000   475.0000     1.1081 
   450.0000   500.0000     1.0677 

   500.0000     0.0000     1.0056 
   500.0000    25.0000     1.0114 
   500.0000    50.0000     1.0220 
   500.0000    75.0000     1.0398 
   500.0000   100.0000     1.0677 
   500.0000   125.0000     1.1081 
   500.0000   150.0000     1.1623 
   500.0000   175.0000     1.2289 
   500.0000   200.0000     1.3033 
   500.0000   225.0000     1.3774 
   500.0000   250.0000     1.4412 
   500.0000   275.0000     1.4846 
   500.0000   300.0000     1.5000 
   500.0000   325.0000     1.4846 
   500.0000   350.0000     1.4412 
   500.0000   375.0000     1.3774 
   500.0000   400.0000     1.3033 
   500.0000   425.0000     1.2289 
   500.0000   450.0000     1.1623 
   500.0000   475.0000     1.1081 
   500.0000   500.0000     1.0677 

   550.0000     0.0000     1.0056 
   550.0000    25.0000     1.0114 
   550.0000    50.0000     1.0220 
   550.0000    75.0000     1.0398 
   550.0000   100.0000     1.0677 
   550.0000   125.0000     1.1081 
   550.0000   150.0000     1.1623 
   550.0000   175.0000     1.2289 
   550.0000   200.0000     1.3033 
   550.0000   225.0000     1.3774 
   550.0000   250.0000     1.4412 
   550.0000   275.0000     1.4846 
   550.0000   300.0000     1.5000 
   550.0000   325.0000     1.4846 
   550.0000   350.0000     1.4412 
   550.0000   375.0000     1.3774 
   550.0000   400.0000     1.3033 
   550.0000   425.0000     1.2289 
   550.0000   450.0000     1.1623 
   550.0000   475.0000     1.1081 
   550.0000   500.0000     1.0677 

   600.0000     0.0000     1.0056 
   600.0000    25.0000     1.0114 
   600.0000    50.0000     1.0220 
   600.0000    75.0000     1.0398 
   600.0000   100.0000     1.0677 
   600.0000   125.0000     1.1081 
   600.0000   150.0000     1.1623 
   600.0000   175.0000     1.2289 
   600.0000   200.0000     1.3033 
   600.0000   225.0000     1.3774 
   600.0000   250.0000     1.4412 
   600.0000   275.0000     1.4846 
   600.0000   300.0000     1.5000 
   600.0000   325.0000     1.4846 
   600.0000   350.0000     1.4412 
   600.0000   375.0000     1.3774 
   600.0000   400.0000     1.3033 
   600.0000   425.0000     1.2289 
   600.0000   450.0000     1.1623 
   600.0000   475.0000     1.1081 
   600.0000   500.0000     1.0677 

   650.0000     0.0000     1.0056 
   650.0000    25.0000     1.0114 
   650.0000    50.0000     1.0220 
   650.0000    75.0000     1.0398 
   650.0000   100.0000     1.0677 
   650.0000   125.0000     1.1081 
   650.0000   150.0000     1.1623 
   650.0000   175.0000     1.2289 
   650.0000   200.0000     1.3033 
   650.0000   225.0000     1.3774 
   650.0000   250.0000     1.4412 
   650.0000   275.0000     1.4846 
   650.0000   300.0000     1.5000 
   650.0000   325.0000     1.4846 
   650.0000   350.0000     1.4412 
   650.0000   375.0000     1.3774 
   650.0000   400.0000     1.3033 
   650.0000   425.0000     1.2289 
   650.0000   450.0000     1.1623 
   650.0000   475.0000     1.1081 
   650.0000   500.0000     1.0677 

   700.0000     0.0000     1.0056 
   700.0000    25.0000     1.0114 
   700.0000    50.0000     1.0220 
   700.0000    75.0000     1.0398 
   700.0000   100.0000     1.0677 
   700.0000   125.0000     1.1081 
   700.0000   150.0000     1.1623 
   700.0000   175.0000     1.2289 
   700.0000   200.0000     1.3033 
   700.0000   225.0000     1.3774 
   700.0000   250.0000     1.4412 
   700.0000   275.0000     1.4846 
   700.0000   300.0000     1.5000 
   700.0000   325.0000     1.4846 
   700.0000   350.0000     1.4412 
   700.0000   375.0000     1.3774 
   700.0000   400.0000     1.3033 
   700.0000   425.0000     1.2289 
   700.0000   450.0000     1.1623 
   700.0000   475.0000     1.1081 
   700.0000   500.0000     1.0677 

   750.0000     0.0000     1.0056 
   750.0000    25.0000     1.0114 
   750.0000    50.0000     1.0220 
   750.0000    75.0000     1.0398 
   750.0000   100.0000     1.0677 
   750.0000   125.0000     1.1081 
   750.0000   150.0000     1.1623 
   750.0000   175.0000     1.2289 
   750.0000   200.0000     1.3033 
   750.0000   225.0000     1.3774 
   750.0000   250.0000     1.4412 
   750.0000   275.0000     1.4846 
   750.0000   300.0000     1.5000 
   750.0000   325.0000     1.4846 
   750.0000   350.0000     1.4412 
   750.0000   375.0000     1.3774 
   750.0000   400.0000     1.3033 
   750.0000   425.0000     1.2289 
   750.0000   450.0000     1.1623 
   750.0000   475.0000     1.1081 
   750.0000   500.0000     1.0677 

   800.0000     0.0000     1.0056 
   800.0000    25.0000     1.0114 
   800.0000    50.0000     1.0220 
   800.0000    75.0000     1.0398 
   800.0000   100.0000     1.0677 
   800.0000   125.0000     1.1081 
   800.0000   150.0000     1.1623 
   800.0000   175.0000     1.2289 
   800.0000   200.0000     1.3033 
   800.0000   225.0000     1.3774 
   800.0000   250.0000     1.4412 
   800.0000   275.0000     1.4846 
   800.0000   300.0000     1.5000 
   800.0000   325.0000     1.4846 
   800.0000   350.0000     1.4412 
   800.0000   375.0000     1.3774 
   800.0000   400.0000     1.3033 
   800.0000   425.0000     1.2289 
   800.0000   450.0000     1.1623 
   800.0000   475.0000     1.1081 
   800.0000   500.0000     1.0677 

   850.0000     0.0000     1.0056 
   850.0000    25.0000     1.0114 
   850.0000    50.0000     1.0220 
   850.0000    75.0000     1.0398 
   850.0000   100.0000     1.0677 
   850.0000   125.0000     1.1081 
   850.0000   150.0000     1.1623 
   850.0000   175.0000     1.2289 
   850.0000   200.0000     1.3033 
   850.0000   225.0000     1.3774 
   850.0000   250.0000     1.4412 
   850.0000   275.0000     1.4846 
   850.0000   300.0000     1.5000 
   850.0000   325.0000     1.4846 
   850.0000   350.0000     1.4412 
   850.0000   375.0000     1.3774 
   850.0000   400.0000     1.3033 
   850.0000   425.0000     1.2289 
   850.0000   450.0000     1.1623 
   850.0000   475.0000     1.1081 
   850.0000   500.0000     1.0677 

   900.0000     0.0000     1.0056 
   900.0000    25.0000     1.0114 
   900.0000    50.0000     1.0220 
   900.0000    75.0000     1.0398 
   900.0000   100.0000     1.0677 
   900.0000   125.0000     1.1081 
   900.0000   150.0000     1.1623 
   900.0000   175.0000     1.2289 
   900.0000   200.0000     1.3033 
   900.0000   225.0000     1.3774 
   900.0000   250.0000     1.4412 
   900.0000   275.0000     1.4846 
   900.0000   300.0000     1.5000 
   900.0000   325.0000     1.4846 
   900.0000   350.0000     1.4412 
   900.0000   375.0000     1.3774 
   900.0000   400.0000     1.3033 
   900.0000   425.0000     1.2289 
   900.0000   450.0000     1.1623 
   900.0000   475.0000     1.1081 
   900.0000   500.0000     1.0677 

   950.0000     0.0000     1.0056 
   950.0000    25.0000     1.0114 
   950.0000    50.0000     1.0220 
   950.0000    75.0000     1.0398 
   950.0000   100.0000     1.0677 
   950.0000   125.0000     1.1081 
   950.0000   150.0000     1.1623 
   950.0000   175.0000     1.2289 
   950.0000   200.0000     1.3033 
   950.0000   225.0000     1.3774 
   950.0000   250.0000     1.4412 
   950.0000   275.0000     1.4846 
   950.0000   300.0000     1.5000 
   950.0000   325.0000     1.4846 
   950.0000   350.0000     1.4412 
   950.0000   375.0000     1.3774 
   950.0000   400.0000     1.3033 
   950.0000   425.0000     1.2289 
   950.0000   450.0000     1.1623 
   950.0000   475.0000     1.1081 
   950.0000   500.0000     1.0677 

  1000.0000     0.0000     1.0056 
  1000.0000    25.0000     1.0114 
  1000.0000    50.0000     1.0220 
  1000.0000    75.0000     1.0398 
  1000.0000   100.0000     1.0677 
  1000.0000   125.0000     1.1081 
  1000.0000   150.0000     1.1623 
  1000.0000   175.0000     1.2289 
  1000.0000   200.0000     1.3033 
  1000.0000   225.0000     1.3774 
  1000.0000   250.0000     1.4412 
  1000.0000   275.0000     1.4846 
  1000.0000   300.0000     1.5000 
  1000.0000   325.0000     1.4846 
  1000.0000   350.0000     1.4412 
  1000.0000   375.0000     1.3774 
  1000.0000   400.0000     1.3033 
  1000.0000   425.0000     1.2289 
  1000.0000   450.0000     1.1623 
  1000.0000   475.0000     1.1081 
  1000.0000   500.0000     1.0677 

