     0.0000     0.0000     1.0000 
     0.0000    25.0000     1.0000 
     0.0000    50.0000     1.0000 
     0.0000    75.0000     1.0000 
     0.0000   100.0000     1.0000 
     0.0000   125.0000     1.0000 
     0.0000   150.0000     1.0000 
     0.0000   175.0000     1.0000 
     0.0000   200.0000     1.0000 
     0.0000   225.0000     1.0000 
     0.0000   250.0000     1.0000 
     0.0000   275.0000     1.0000 
     0.0000   300.0000     1.0000 
     0.0000   325.0000     1.0000 
     0.0000   350.0000     1.0000 
     0.0000   375.0000     1.0000 
     0.0000   400.0000     1.0000 
     0.0000   425.0000     1.0000 
     0.0000   450.0000     1.0000 
     0.0000   475.0000     1.0000 
     0.0000   500.0000     1.0000 

    50.0000     0.0000     1.0000 
    50.0000    25.0000     1.0000 
    50.0000    50.0000     1.0000 
    50.0000    75.0000     1.0000 
    50.0000   100.0000     1.0000 
    50.0000   125.0000     1.0000 
    50.0000   150.0000     1.0000 
    50.0000   175.0000     1.0000 
    50.0000   200.0000     1.0000 
    50.0000   225.0000     1.0000 
    50.0000   250.0000     1.0000 
    50.0000   275.0000     1.0000 
    50.0000   300.0000     1.0000 
    50.0000   325.0000     1.0000 
    50.0000   350.0000     1.0000 
    50.0000   375.0000     1.0000 
    50.0000   400.0000     1.0000 
    50.0000   425.0000     1.0000 
    50.0000   450.0000     1.0000 
    50.0000   475.0000     1.0000 
    50.0000   500.0000     1.0000 

   100.0000     0.0000     1.0002 
   100.0000    25.0000     1.0002 
   100.0000    50.0000     1.0002 
   100.0000    75.0000     1.0002 
   100.0000   100.0000     1.0002 
   100.0000   125.0000     1.0002 
   100.0000   150.0000     1.0002 
   100.0000   175.0000     1.0002 
   100.0000   200.0000     1.0002 
   100.0000   225.0000     1.0002 
   100.0000   250.0000     1.0002 
   100.0000   275.0000     1.0002 
   100.0000   300.0000     1.0002 
   100.0000   325.0000     1.0002 
   100.0000   350.0000     1.0002 
   100.0000   375.0000     1.0002 
   100.0000   400.0000     1.0002 
   100.0000   425.0000     1.0002 
   100.0000   450.0000     1.0002 
   100.0000   475.0000     1.0002 
   100.0000   500.0000     1.0002 

   150.0000     0.0000     1.0011 
   150.0000    25.0000     1.0011 
   150.0000    50.0000     1.0011 
   150.0000    75.0000     1.0011 
   150.0000   100.0000     1.0011 
   150.0000   125.0000     1.0011 
   150.0000   150.0000     1.0011 
   150.0000   175.0000     1.0011 
   150.0000   200.0000     1.0011 
   150.0000   225.0000     1.0011 
   150.0000   250.0000     1.0011 
   150.0000   275.0000     1.0011 
   150.0000   300.0000     1.0011 
   150.0000   325.0000     1.0011 
   150.0000   350.0000     1.0011 
   150.0000   375.0000     1.0011 
   150.0000   400.0000     1.0011 
   150.0000   425.0000     1.0011 
   150.0000   450.0000     1.0011 
   150.0000   475.0000     1.0011 
   150.0000   500.0000     1.0011 

   200.0000     0.0000     1.0056 
   200.0000    25.0000     1.0056 
   200.0000    50.0000     1.0056 
   200.0000    75.0000     1.0056 
   200.0000   100.0000     1.0056 
   200.0000   125.0000     1.0056 
   200.0000   150.0000     1.0056 
   200.0000   175.0000     1.0056 
   200.0000   200.0000     1.0056 
   200.0000   225.0000     1.0056 
   200.0000   250.0000     1.0056 
   200.0000   275.0000     1.0056 
   200.0000   300.0000     1.0056 
   200.0000   325.0000     1.0056 
   200.0000   350.0000     1.0056 
   200.0000   375.0000     1.0056 
   200.0000   400.0000     1.0056 
   200.0000   425.0000     1.0056 
   200.0000   450.0000     1.0056 
   200.0000   475.0000     1.0056 
   200.0000   500.0000     1.0056 

   250.0000     0.0000     1.0220 
   250.0000    25.0000     1.0220 
   250.0000    50.0000     1.0220 
   250.0000    75.0000     1.0220 
   250.0000   100.0000     1.0220 
   250.0000   125.0000     1.0220 
   250.0000   150.0000     1.0220 
   250.0000   175.0000     1.0220 
   250.0000   200.0000     1.0220 
   250.0000   225.0000     1.0220 
   250.0000   250.0000     1.0220 
   250.0000   275.0000     1.0220 
   250.0000   300.0000     1.0220 
   250.0000   325.0000     1.0220 
   250.0000   350.0000     1.0220 
   250.0000   375.0000     1.0220 
   250.0000   400.0000     1.0220 
   250.0000   425.0000     1.0220 
   250.0000   450.0000     1.0220 
   250.0000   475.0000     1.0220 
   250.0000   500.0000     1.0220 

   300.0000     0.0000     1.0677 
   300.0000    25.0000     1.0677 
   300.0000    50.0000     1.0677 
   300.0000    75.0000     1.0677 
   300.0000   100.0000     1.0677 
   300.0000   125.0000     1.0677 
   300.0000   150.0000     1.0677 
   300.0000   175.0000     1.0677 
   300.0000   200.0000     1.0677 
   300.0000   225.0000     1.0677 
   300.0000   250.0000     1.0677 
   300.0000   275.0000     1.0677 
   300.0000   300.0000     1.0677 
   300.0000   325.0000     1.0677 
   300.0000   350.0000     1.0677 
   300.0000   375.0000     1.0677 
   300.0000   400.0000     1.0677 
   300.0000   425.0000     1.0677 
   300.0000   450.0000     1.0677 
   300.0000   475.0000     1.0677 
   300.0000   500.0000     1.0677 

   350.0000     0.0000     1.1623 
   350.0000    25.0000     1.1623 
   350.0000    50.0000     1.1623 
   350.0000    75.0000     1.1623 
   350.0000   100.0000     1.1623 
   350.0000   125.0000     1.1623 
   350.0000   150.0000     1.1623 
   350.0000   175.0000     1.1623 
   350.0000   200.0000     1.1623 
   350.0000   225.0000     1.1623 
   350.0000   250.0000     1.1623 
   350.0000   275.0000     1.1623 
   350.0000   300.0000     1.1623 
   350.0000   325.0000     1.1623 
   350.0000   350.0000     1.1623 
   350.0000   375.0000     1.1623 
   350.0000   400.0000     1.1623 
   350.0000   425.0000     1.1623 
   350.0000   450.0000     1.1623 
   350.0000   475.0000     1.1623 
   350.0000   500.0000     1.1623 

   400.0000     0.0000     1.3033 
   400.0000    25.0000     1.3033 
   400.0000    50.0000     1.3033 
   400.0000    75.0000     1.3033 
   400.0000   100.0000     1.3033 
   400.0000   125.0000     1.3033 
   400.0000   150.0000     1.3033 
   400.0000   175.0000     1.3033 
   400.0000   200.0000     1.3033 
   400.0000   225.0000     1.3033 
   400.0000   250.0000     1.3033 
   400.0000   275.0000     1.3033 
   400.0000   300.0000     1.3033 
   400.0000   325.0000     1.3033 
   400.0000   350.0000     1.3033 
   400.0000   375.0000     1.3033 
   400.0000   400.0000     1.3033 
   400.0000   425.0000     1.3033 
   400.0000   450.0000     1.3033 
   400.0000   475.0000     1.3033 
   400.0000   500.0000     1.3033 

   450.0000     0.0000     1.4412 
   450.0000    25.0000     1.4412 
   450.0000    50.0000     1.4412 
   450.0000    75.0000     1.4412 
   450.0000   100.0000     1.4412 
   450.0000   125.0000     1.4412 
   450.0000   150.0000     1.4412 
   450.0000   175.0000     1.4412 
   450.0000   200.0000     1.4412 
   450.0000   225.0000     1.4412 
   450.0000   250.0000     1.4412 
   450.0000   275.0000     1.4412 
   450.0000   300.0000     1.4412 
   450.0000   325.0000     1.4412 
   450.0000   350.0000     1.4412 
   450.0000   375.0000     1.4412 
   450.0000   400.0000     1.4412 
   450.0000   425.0000     1.4412 
   450.0000   450.0000     1.4412 
   450.0000   475.0000     1.4412 
   450.0000   500.0000     1.4412 

   500.0000     0.0000     1.5000 
   500.0000    25.0000     1.5000 
   500.0000    50.0000     1.5000 
   500.0000    75.0000     1.5000 
   500.0000   100.0000     1.5000 
   500.0000   125.0000     1.5000 
   500.0000   150.0000     1.5000 
   500.0000   175.0000     1.5000 
   500.0000   200.0000     1.5000 
   500.0000   225.0000     1.5000 
   500.0000   250.0000     1.5000 
   500.0000   275.0000     1.5000 
   500.0000   300.0000     1.5000 
   500.0000   325.0000     1.5000 
   500.0000   350.0000     1.5000 
   500.0000   375.0000     1.5000 
   500.0000   400.0000     1.5000 
   500.0000   425.0000     1.5000 
   500.0000   450.0000     1.5000 
   500.0000   475.0000     1.5000 
   500.0000   500.0000     1.5000 

   550.0000     0.0000     1.4412 
   550.0000    25.0000     1.4412 
   550.0000    50.0000     1.4412 
   550.0000    75.0000     1.4412 
   550.0000   100.0000     1.4412 
   550.0000   125.0000     1.4412 
   550.0000   150.0000     1.4412 
   550.0000   175.0000     1.4412 
   550.0000   200.0000     1.4412 
   550.0000   225.0000     1.4412 
   550.0000   250.0000     1.4412 
   550.0000   275.0000     1.4412 
   550.0000   300.0000     1.4412 
   550.0000   325.0000     1.4412 
   550.0000   350.0000     1.4412 
   550.0000   375.0000     1.4412 
   550.0000   400.0000     1.4412 
   550.0000   425.0000     1.4412 
   550.0000   450.0000     1.4412 
   550.0000   475.0000     1.4412 
   550.0000   500.0000     1.4412 

   600.0000     0.0000     1.3033 
   600.0000    25.0000     1.3033 
   600.0000    50.0000     1.3033 
   600.0000    75.0000     1.3033 
   600.0000   100.0000     1.3033 
   600.0000   125.0000     1.3033 
   600.0000   150.0000     1.3033 
   600.0000   175.0000     1.3033 
   600.0000   200.0000     1.3033 
   600.0000   225.0000     1.3033 
   600.0000   250.0000     1.3033 
   600.0000   275.0000     1.3033 
   600.0000   300.0000     1.3033 
   600.0000   325.0000     1.3033 
   600.0000   350.0000     1.3033 
   600.0000   375.0000     1.3033 
   600.0000   400.0000     1.3033 
   600.0000   425.0000     1.3033 
   600.0000   450.0000     1.3033 
   600.0000   475.0000     1.3033 
   600.0000   500.0000     1.3033 

   650.0000     0.0000     1.1623 
   650.0000    25.0000     1.1623 
   650.0000    50.0000     1.1623 
   650.0000    75.0000     1.1623 
   650.0000   100.0000     1.1623 
   650.0000   125.0000     1.1623 
   650.0000   150.0000     1.1623 
   650.0000   175.0000     1.1623 
   650.0000   200.0000     1.1623 
   650.0000   225.0000     1.1623 
   650.0000   250.0000     1.1623 
   650.0000   275.0000     1.1623 
   650.0000   300.0000     1.1623 
   650.0000   325.0000     1.1623 
   650.0000   350.0000     1.1623 
   650.0000   375.0000     1.1623 
   650.0000   400.0000     1.1623 
   650.0000   425.0000     1.1623 
   650.0000   450.0000     1.1623 
   650.0000   475.0000     1.1623 
   650.0000   500.0000     1.1623 

   700.0000     0.0000     1.0677 
   700.0000    25.0000     1.0677 
   700.0000    50.0000     1.0677 
   700.0000    75.0000     1.0677 
   700.0000   100.0000     1.0677 
   700.0000   125.0000     1.0677 
   700.0000   150.0000     1.0677 
   700.0000   175.0000     1.0677 
   700.0000   200.0000     1.0677 
   700.0000   225.0000     1.0677 
   700.0000   250.0000     1.0677 
   700.0000   275.0000     1.0677 
   700.0000   300.0000     1.0677 
   700.0000   325.0000     1.0677 
   700.0000   350.0000     1.0677 
   700.0000   375.0000     1.0677 
   700.0000   400.0000     1.0677 
   700.0000   425.0000     1.0677 
   700.0000   450.0000     1.0677 
   700.0000   475.0000     1.0677 
   700.0000   500.0000     1.0677 

   750.0000     0.0000     1.0220 
   750.0000    25.0000     1.0220 
   750.0000    50.0000     1.0220 
   750.0000    75.0000     1.0220 
   750.0000   100.0000     1.0220 
   750.0000   125.0000     1.0220 
   750.0000   150.0000     1.0220 
   750.0000   175.0000     1.0220 
   750.0000   200.0000     1.0220 
   750.0000   225.0000     1.0220 
   750.0000   250.0000     1.0220 
   750.0000   275.0000     1.0220 
   750.0000   300.0000     1.0220 
   750.0000   325.0000     1.0220 
   750.0000   350.0000     1.0220 
   750.0000   375.0000     1.0220 
   750.0000   400.0000     1.0220 
   750.0000   425.0000     1.0220 
   750.0000   450.0000     1.0220 
   750.0000   475.0000     1.0220 
   750.0000   500.0000     1.0220 

   800.0000     0.0000     1.0056 
   800.0000    25.0000     1.0056 
   800.0000    50.0000     1.0056 
   800.0000    75.0000     1.0056 
   800.0000   100.0000     1.0056 
   800.0000   125.0000     1.0056 
   800.0000   150.0000     1.0056 
   800.0000   175.0000     1.0056 
   800.0000   200.0000     1.0056 
   800.0000   225.0000     1.0056 
   800.0000   250.0000     1.0056 
   800.0000   275.0000     1.0056 
   800.0000   300.0000     1.0056 
   800.0000   325.0000     1.0056 
   800.0000   350.0000     1.0056 
   800.0000   375.0000     1.0056 
   800.0000   400.0000     1.0056 
   800.0000   425.0000     1.0056 
   800.0000   450.0000     1.0056 
   800.0000   475.0000     1.0056 
   800.0000   500.0000     1.0056 

   850.0000     0.0000     1.0011 
   850.0000    25.0000     1.0011 
   850.0000    50.0000     1.0011 
   850.0000    75.0000     1.0011 
   850.0000   100.0000     1.0011 
   850.0000   125.0000     1.0011 
   850.0000   150.0000     1.0011 
   850.0000   175.0000     1.0011 
   850.0000   200.0000     1.0011 
   850.0000   225.0000     1.0011 
   850.0000   250.0000     1.0011 
   850.0000   275.0000     1.0011 
   850.0000   300.0000     1.0011 
   850.0000   325.0000     1.0011 
   850.0000   350.0000     1.0011 
   850.0000   375.0000     1.0011 
   850.0000   400.0000     1.0011 
   850.0000   425.0000     1.0011 
   850.0000   450.0000     1.0011 
   850.0000   475.0000     1.0011 
   850.0000   500.0000     1.0011 

   900.0000     0.0000     1.0002 
   900.0000    25.0000     1.0002 
   900.0000    50.0000     1.0002 
   900.0000    75.0000     1.0002 
   900.0000   100.0000     1.0002 
   900.0000   125.0000     1.0002 
   900.0000   150.0000     1.0002 
   900.0000   175.0000     1.0002 
   900.0000   200.0000     1.0002 
   900.0000   225.0000     1.0002 
   900.0000   250.0000     1.0002 
   900.0000   275.0000     1.0002 
   900.0000   300.0000     1.0002 
   900.0000   325.0000     1.0002 
   900.0000   350.0000     1.0002 
   900.0000   375.0000     1.0002 
   900.0000   400.0000     1.0002 
   900.0000   425.0000     1.0002 
   900.0000   450.0000     1.0002 
   900.0000   475.0000     1.0002 
   900.0000   500.0000     1.0002 

   950.0000     0.0000     1.0000 
   950.0000    25.0000     1.0000 
   950.0000    50.0000     1.0000 
   950.0000    75.0000     1.0000 
   950.0000   100.0000     1.0000 
   950.0000   125.0000     1.0000 
   950.0000   150.0000     1.0000 
   950.0000   175.0000     1.0000 
   950.0000   200.0000     1.0000 
   950.0000   225.0000     1.0000 
   950.0000   250.0000     1.0000 
   950.0000   275.0000     1.0000 
   950.0000   300.0000     1.0000 
   950.0000   325.0000     1.0000 
   950.0000   350.0000     1.0000 
   950.0000   375.0000     1.0000 
   950.0000   400.0000     1.0000 
   950.0000   425.0000     1.0000 
   950.0000   450.0000     1.0000 
   950.0000   475.0000     1.0000 
   950.0000   500.0000     1.0000 

  1000.0000     0.0000     1.0000 
  1000.0000    25.0000     1.0000 
  1000.0000    50.0000     1.0000 
  1000.0000    75.0000     1.0000 
  1000.0000   100.0000     1.0000 
  1000.0000   125.0000     1.0000 
  1000.0000   150.0000     1.0000 
  1000.0000   175.0000     1.0000 
  1000.0000   200.0000     1.0000 
  1000.0000   225.0000     1.0000 
  1000.0000   250.0000     1.0000 
  1000.0000   275.0000     1.0000 
  1000.0000   300.0000     1.0000 
  1000.0000   325.0000     1.0000 
  1000.0000   350.0000     1.0000 
  1000.0000   375.0000     1.0000 
  1000.0000   400.0000     1.0000 
  1000.0000   425.0000     1.0000 
  1000.0000   450.0000     1.0000 
  1000.0000   475.0000     1.0000 
  1000.0000   500.0000     1.0000 

